VCL:
[[0.93984375        nan        nan        nan        nan]
 [0.91181641 0.94404297        nan        nan        nan]
 [0.88261719 0.92304688 0.94453125        nan        nan]
 [0.86992187 0.915625   0.93193359 0.94404297        nan]
 [0.85068359 0.90068359 0.91865234 0.92480469 0.95263672]]
Average accuracy after each task: [0.93984375 0.92792969 0.91673177 0.91538086 0.90949219]
Normal SGD:
[[0.95048828        nan        nan        nan        nan]
 [0.87001953 0.96835938        nan        nan        nan]
 [0.68964844 0.90292969 0.97167969        nan        nan]
 [0.55361328 0.83261719 0.89482422 0.96972656        nan]
 [0.40117188 0.60498047 0.76259766 0.92519531 0.96962891]]
Average accuracy after each task: [0.95048828 0.91918945 0.8547526  0.81269531 0.73271484]
Joint:
Average accuracy after each task: [0.85498046875, 0.8714398734177216, 0.9618975105932204, 0.9641470939490446, 0.9642059948979592]