0.6700 0.0000 0.0000 0.0000 0.0000 0.0000 0.0000 0.0000 0.0000 0.0000
0.6640 0.6130 0.0000 0.0000 0.0000 0.0000 0.0000 0.0000 0.0000 0.0000
0.6600 0.6120 0.6590 0.0000 0.0000 0.0000 0.0000 0.0000 0.0000 0.0000
0.6660 0.6120 0.6520 0.6930 0.0000 0.0000 0.0000 0.0000 0.0000 0.0000
0.6650 0.6100 0.6540 0.6930 0.5520 0.0000 0.0000 0.0000 0.0000 0.0000
0.6630 0.6020 0.6550 0.6940 0.5530 0.6440 0.0000 0.0000 0.0000 0.0000
0.6630 0.6010 0.6540 0.6940 0.5510 0.6460 0.5920 0.0000 0.0000 0.0000
0.6630 0.6010 0.6540 0.6940 0.5510 0.6460 0.5920 0.5780 0.0000 0.0000
0.6630 0.6010 0.6530 0.6940 0.5510 0.6460 0.5900 0.5780 0.5900 0.0000
0.6630 0.6010 0.6530 0.6940 0.5510 0.6460 0.5900 0.5780 0.5900 0.5810
