0.6700 0.0000 0.0000 0.0000 0.0000 0.0000 0.0000 0.0000 0.0000 0.0000
0.6630 0.6310 0.0000 0.0000 0.0000 0.0000 0.0000 0.0000 0.0000 0.0000
0.6470 0.6120 0.6600 0.0000 0.0000 0.0000 0.0000 0.0000 0.0000 0.0000
0.6610 0.6160 0.6590 0.6900 0.0000 0.0000 0.0000 0.0000 0.0000 0.0000
0.6620 0.6140 0.6600 0.6920 0.5680 0.0000 0.0000 0.0000 0.0000 0.0000
0.6560 0.6150 0.6570 0.6870 0.5620 0.6600 0.0000 0.0000 0.0000 0.0000
0.6590 0.6240 0.6520 0.6830 0.5640 0.6560 0.6280 0.0000 0.0000 0.0000
0.6540 0.6210 0.6500 0.6860 0.5620 0.6590 0.6290 0.5940 0.0000 0.0000
0.6590 0.6230 0.6480 0.6800 0.5630 0.6500 0.6370 0.5890 0.5830 0.0000
0.6550 0.6250 0.6510 0.6850 0.5570 0.6550 0.6320 0.5940 0.5860 0.6010
