0.9850 0.0000 0.0000 0.0000 0.0000 0.0000 0.0000 0.0000 0.0000 0.0000 0.0000 0.0000 0.0000 0.0000 0.0000 0.0000 0.0000 0.0000 0.0000 0.0000
0.8797 0.9846 0.0000 0.0000 0.0000 0.0000 0.0000 0.0000 0.0000 0.0000 0.0000 0.0000 0.0000 0.0000 0.0000 0.0000 0.0000 0.0000 0.0000 0.0000
0.5826 0.9401 0.9855 0.0000 0.0000 0.0000 0.0000 0.0000 0.0000 0.0000 0.0000 0.0000 0.0000 0.0000 0.0000 0.0000 0.0000 0.0000 0.0000 0.0000
0.3239 0.7924 0.8931 0.9839 0.0000 0.0000 0.0000 0.0000 0.0000 0.0000 0.0000 0.0000 0.0000 0.0000 0.0000 0.0000 0.0000 0.0000 0.0000 0.0000
0.1808 0.4647 0.6567 0.9064 0.9826 0.0000 0.0000 0.0000 0.0000 0.0000 0.0000 0.0000 0.0000 0.0000 0.0000 0.0000 0.0000 0.0000 0.0000 0.0000
0.1222 0.3536 0.3933 0.6819 0.8982 0.9810 0.0000 0.0000 0.0000 0.0000 0.0000 0.0000 0.0000 0.0000 0.0000 0.0000 0.0000 0.0000 0.0000 0.0000
0.1085 0.2119 0.2483 0.5243 0.8248 0.9602 0.9843 0.0000 0.0000 0.0000 0.0000 0.0000 0.0000 0.0000 0.0000 0.0000 0.0000 0.0000 0.0000 0.0000
0.1227 0.1460 0.1581 0.2422 0.4536 0.6935 0.9363 0.9813 0.0000 0.0000 0.0000 0.0000 0.0000 0.0000 0.0000 0.0000 0.0000 0.0000 0.0000 0.0000
0.1284 0.1140 0.1337 0.0999 0.2833 0.4449 0.7492 0.9198 0.9813 0.0000 0.0000 0.0000 0.0000 0.0000 0.0000 0.0000 0.0000 0.0000 0.0000 0.0000
0.1224 0.1339 0.1083 0.1322 0.2264 0.3144 0.5017 0.7283 0.9424 0.9806 0.0000 0.0000 0.0000 0.0000 0.0000 0.0000 0.0000 0.0000 0.0000 0.0000
0.1249 0.1063 0.1055 0.1191 0.1882 0.1995 0.2572 0.5051 0.7110 0.9086 0.9804 0.0000 0.0000 0.0000 0.0000 0.0000 0.0000 0.0000 0.0000 0.0000
0.1310 0.0919 0.1143 0.0988 0.1791 0.2151 0.2348 0.3215 0.5299 0.7433 0.9409 0.9814 0.0000 0.0000 0.0000 0.0000 0.0000 0.0000 0.0000 0.0000
0.1265 0.0778 0.1116 0.1064 0.1338 0.1740 0.1725 0.2827 0.3416 0.4824 0.8428 0.9090 0.9808 0.0000 0.0000 0.0000 0.0000 0.0000 0.0000 0.0000
0.0867 0.0996 0.0862 0.1154 0.1220 0.1611 0.1593 0.2015 0.3157 0.3592 0.6338 0.7518 0.9153 0.9811 0.0000 0.0000 0.0000 0.0000 0.0000 0.0000
0.0789 0.1165 0.1089 0.1242 0.1153 0.1419 0.1783 0.1357 0.2576 0.2901 0.3879 0.5289 0.7274 0.9007 0.9820 0.0000 0.0000 0.0000 0.0000 0.0000
0.0921 0.1133 0.1068 0.1278 0.1169 0.1206 0.1592 0.1187 0.2094 0.2172 0.2579 0.3277 0.4390 0.7347 0.9206 0.9795 0.0000 0.0000 0.0000 0.0000
0.0874 0.1067 0.1322 0.0981 0.1091 0.0643 0.1631 0.1114 0.1875 0.2069 0.2462 0.2607 0.3398 0.4382 0.8145 0.9336 0.9817 0.0000 0.0000 0.0000
0.0845 0.1033 0.1534 0.0775 0.0903 0.0888 0.1288 0.1124 0.1404 0.1787 0.2223 0.1947 0.1863 0.2482 0.4897 0.7263 0.8839 0.9794 0.0000 0.0000
0.1032 0.0960 0.1509 0.1106 0.0653 0.0919 0.1186 0.1113 0.1100 0.1041 0.1412 0.1861 0.1873 0.1697 0.3137 0.3841 0.6147 0.9029 0.9797 0.0000
0.0867 0.1312 0.1272 0.0809 0.0593 0.1310 0.1065 0.0999 0.1250 0.1053 0.1660 0.1937 0.1655 0.1738 0.2838 0.2906 0.3712 0.6425 0.9156 0.9783
